37037036702962962964 
18518518351481483264,9259259175740741632,4629629587870370816,2314814793935185408,1157407396967592704,578703698483796352,289351849241898176,144675924620949088,72337962310474544,36168981155237272,18084490577618636,9042245288809318,4521122644404659,13563367933213978 
6781683966606989,20345051899820968 
10172525949910484,5086262974955242,2543131487477621,7629394462432864 
3814697231216432,1907348615608216,953674307804108,476837153902054,238418576951027,715255730853082 
357627865426541,1072883596279624 
536441798139812,268220899069906,134110449534953,402331348604860 
201165674302430,100582837151215,301748511453646 
150874255726823,452622767180470 
226311383590235,678934150770706 
339467075385353,1018401226156060 
509200613078030,254600306539015,763800919617046 
381900459808523,1145701379425570 
572850689712785,1718552069138356 
859276034569178,429638017284589,1288914051853768 
644457025926884,322228512963442,161114256481721,483342769445164 
241671384722582,120835692361291,362507077083874 
181253538541937,543760615625812 
271880307812906,135940153906453,407820461719360 
203910230859680,101955115429840,50977557714920,25488778857460,12744389428730,6372194714365,19116584143096 
9558292071548,4779146035774,2389573017887,7168719053662 
3584359526831,10753078580494 
5376539290247,16129617870742 
8064808935371,24194426806114 
12097213403057,36291640209172 
18145820104586,9072910052293,27218730156880 
13609365078440,6804682539220,3402341269610,1701170634805,5103511904416 
2551755952208,1275877976104,637938988052,318969494026,159484747013,478454241040 
239227120520,119613560260,59806780130,29903390065,89710170196 
44855085098,22427542549,67282627648 
33641313824,16820656912,8410328456,4205164228,2102582114,1051291057,3153873172 
1576936586,788468293,2365404880 
1182702440,591351220,295675610,147837805,443513416 
221756708,110878354,55439177,166317532 
83158766,41579383,124738150 
62369075,187107226 
93553613,280660840 
140330420,70165210,35082605,105247816 
52623908,26311954,13155977,39467932 
19733966,9866983,29600950 
14800475,44401426 
22200713,66602140 
33301070,16650535,49951606 
24975803,74927410 
37463705,112391116 
56195558,28097779,84293338 
42146669,126440008 
63220004,31610002,15805001,47415004 
23707502,11853751,35561254 
17780627,53341882 
26670941,80012824 
40006412,20003206,10001603,30004810 
15002405,45007216 
22503608,11251804,5625902,2812951,8438854 
4219427,12658282 
6329141,18987424 
9493712,4746856,2373428,1186714,593357,1780072 
890036,445018,222509,667528 
333764,166882,83441,250324 
125162,62581,187744 
93872,46936,23468,11734,5867,17602 
8801,26404 
13202,6601,19804 
9902,4951,14854 
7427,22282 
11141,33424 
16712,8356,4178,2089,6268 
3134,1567,4702 
2351,7054 
3527,10582 
5291,15874 
7937,23812 
11906,5953,17860 
8930,4465,13396 
6698,3349,10048 
5024,2512,1256,628,314,157,472 
236,118,59,178 
89,268 
134,67,202 
101,304 
152,76,38,19,58 
29,88 
44,22,11,34 
17,52 
26,13,40 
20,10,5,16 
8,4,2,1,